在使用R的plyr包的ddply函数时,如果没有定义列名，使用该列作为分组因子的结果会变成该因子所对应的数字。
3314  1274    2  4
3315  1274    6  4
3316  1274    3  4
3317  1274    2  4
3318  1274    4  4
3319  1274    2  4
3320  1274    3  4
3321  1274    9  4
3322  1274    3  4
3323  1274    2  4
3324  1274    2  4
3325  1274    3  4
3326  1274    2  4
3327  1274    2  4
3328  1274    2  4
3329  1274    2  4
3330  1274    2  4
3331  1274    2  4
3332  1274    2  4
3333  1274    2  4

定义分类列名后，则为该因子对应的项：
3320                       厚度      1274    3
3321                       技术      1274    3
3322                   接口类型      1274    3
3323                   屏幕比例      1274    3
3324                       套餐      1274    3
3325                 跳舞毯类型      1274    3
3326                   运动品牌      1274    3
3327                   摆件类型      1274    2
3328                   闭合方式      1274    2
3329                   成分含量      1274    2
3330                       成色      1274    2
3331                       大小      1274    2
3332                   防水程度      1274    2
3333                   感光面积      1274    2
